0.072442 0.000008 0.000008 0.000008 0.176767 0.000008 0.750753 0.000008
0.177903 0.000007 0.000007 0.000007 0.155769 0.000007 0.666294 0.000007
0.045721 0.000008 0.000008 0.000008 0.186380 0.000008 0.767860 0.000008
0.102747 0.000007 0.000007 0.000007 0.157149 0.000007 0.740067 0.000007
0.130184 0.000007 0.000007 0.000007 0.145758 0.000007 0.724022 0.000007
0.044406 0.000008 0.000008 0.018288 0.157346 0.000008 0.779929 0.000008
0.438121 0.000004 0.000004 0.000004 0.074691 0.000004 0.407308 0.079863
0.141019 0.000007 0.000007 0.000007 0.155954 0.000007 0.702992 0.000007
0.219951 0.000006 0.000006 0.000006 0.148155 0.000006 0.631862 0.000006
0.277732 0.000006 0.000006 0.003952 0.090289 0.000006 0.622237 0.005772
0.386970 0.000005 0.000005 0.000005 0.151357 0.000005 0.461650 0.000005
0.157584 0.000007 0.000007 0.000007 0.139640 0.000007 0.702741 0.000007
0.249275 0.000006 0.000006 0.000006 0.135593 0.000006 0.615100 0.000006
0.188280 0.000007 0.000007 0.002635 0.116663 0.000007 0.692394 0.000007
0.119231 0.000007 0.000007 0.000007 0.195396 0.000007 0.685338 0.000007
0.208411 0.000007 0.000007 0.000007 0.127054 0.000007 0.664502 0.000007
0.252280 0.000006 0.000006 0.000006 0.137315 0.000006 0.610374 0.000006
0.209249 0.000006 0.000006 0.000006 0.106353 0.014639 0.599553 0.070188
0.163790 0.000007 0.000007 0.000007 0.150379 0.000007 0.685797 0.000007
0.295533 0.000006 0.000006 0.000006 0.130037 0.000006 0.574401 0.000006
0.205046 0.000007 0.000007 0.000007 0.126438 0.000007 0.668483 0.000007
0.197384 0.000007 0.000007 0.000007 0.146920 0.000007 0.655663 0.000007
0.197819 0.000007 0.000007 0.000007 0.120492 0.000007 0.681655 0.000007
0.146556 0.000007 0.000007 0.000007 0.159482 0.000007 0.693927 0.000007
0.141635 0.000007 0.000007 0.000007 0.155477 0.000007 0.702853 0.000007
